      #Energy        TDOS
      -5.14654       1.77100
      -5.14154       1.73700
      -5.13654       1.70700
      -5.13154       1.69400
      -5.12654       1.66600
      -5.12154       1.55400
      -5.11654       1.45800
      -5.11154       1.42900
      -5.10654       1.34600
      -5.10154       1.28000
      -5.09654       1.25200
      -5.09154       1.21500
      -5.08654       1.16000
      -5.08154       1.10100
      -5.07654       1.05400
      -5.07154       1.01900
      -5.06654       0.99600
      -5.06154       0.97100
      -5.05654       0.94220
      -5.05154       0.90990
      -5.04654       0.87960
      -5.04154       0.85270
      -5.03654       0.83090
      -5.03154       0.81140
      -5.02654       0.79170
      -5.02154       0.77140
      -5.01654       0.75040
      -5.01154       0.72890
      -5.00654       0.71040
      -5.00154       0.68680
      -4.99654       0.66480
      -4.99154       0.64760
      -4.98654       0.63140
      -4.98154       0.61410
      -4.97654       0.59540
      -4.97154       0.57550
      -4.96654       0.55790
      -4.96154       0.53470
      -4.95654       0.51480
      -4.95154       0.49830
      -4.94654       0.48320
      -4.94154       0.46670
      -4.93654       0.44900
      -4.93154       0.43810
      -4.92654       0.40550
      -4.92154       0.35310
      -4.91654       0.35050
      -4.91154       0.34790
      -4.90654       0.34530
      -4.90154       0.34280
      -4.89654       0.34030
      -4.89154       0.33780
      -4.88654       0.33530
      -4.88154       0.33280
      -4.87654       0.33040
      -4.87154       0.32790
      -4.86654       0.32550
      -4.86154       0.32300
      -4.85654       0.32060
      -4.85154       0.31820
      -4.84654       0.31580
      -4.84154       0.31340
      -4.83654       0.31110
      -4.83154       0.30870
      -4.82654       0.30640
      -4.82154       0.30410
      -4.81654       0.30180
      -4.81154       0.29950
      -4.80654       0.29730
      -4.80154       0.29500
      -4.79654       0.29280
      -4.79154       0.29060
      -4.78654       0.28850
      -4.78154       0.28620
      -4.77654       0.28390
      -4.77154       0.28160
      -4.76654       0.27950
      -4.76154       0.27750
      -4.75654       0.27570
      -4.75154       0.27390
      -4.74654       0.27230
      -4.74154       0.27060
      -4.73654       0.26890
      -4.73154       0.26730
      -4.72654       0.26560
      -4.72154       0.26400
      -4.71654       0.26230
      -4.71154       0.26070
      -4.70654       0.25910
      -4.70154       0.25740
      -4.69654       0.25580
      -4.69154       0.25420
      -4.68654       0.25540
      -4.68154       0.28750
      -4.67654       0.35790
      -4.67154       0.38670
      -4.66654       0.42030
      -4.66154       0.46030
      -4.65654       0.54230
      -4.65154       0.58890
      -4.64654       0.61130
      -4.64154       0.63260
      -4.63654       0.64970
      -4.63154       0.66790
      -4.62654       0.69550
      -4.62154       0.72880
      -4.61654       0.76400
      -4.61154       0.80100
      -4.60654       0.84090
      -4.60154       0.86850
      -4.59654       0.89750
      -4.59154       0.92680
      -4.58654       0.95770
      -4.58154       0.99130
      -4.57654       1.02800
      -4.57154       1.06800
      -4.56654       1.11000
      -4.56154       1.15400
      -4.55654       1.20700
      -4.55154       1.28700
      -4.54654       1.37700
      -4.54154       1.47000
      -4.53654       1.58900
      -4.53154       1.68900
      -4.52654       1.72000
      -4.52154       1.69100
      -4.51654       1.71100
      -4.51154       1.72800
      -4.50654       1.70500
      -4.50154       1.67100
      -4.49654       1.67500
      -4.49154       1.67500
      -4.48654       1.67200
      -4.48154       1.67600
      -4.47654       1.68000
      -4.47154       1.68400
      -4.46654       1.68800
      -4.46154       1.69100
      -4.45654       1.69100
      -4.45154       1.69100
      -4.44654       1.68900
      -4.44154       1.68800
      -4.43654       1.69400
      -4.43154       1.70000
      -4.42654       1.70600
      -4.42154       1.71200
      -4.41654       1.71800
      -4.41154       1.72500
      -4.40654       1.72900
      -4.40154       1.73700
      -4.39654       1.74500
      -4.39154       1.75300
      -4.38654       1.76000
      -4.38154       1.76800
      -4.37654       1.77500
      -4.37154       1.78100
      -4.36654       1.78400
      -4.36154       1.79200
      -4.35654       1.80000
      -4.35154       1.80700
      -4.34654       1.81300
      -4.34154       1.82000
      -4.33654       1.82700
      -4.33154       1.83400
      -4.32654       1.84200
      -4.32154       1.85000
      -4.31654       1.85800
      -4.31154       1.86700
      -4.30654       1.87500
      -4.30154       1.88200
      -4.29654       1.88900
      -4.29154       1.89600
      -4.28654       1.90200
      -4.28154       1.90700
      -4.27654       1.91200
      -4.27154       1.91800
      -4.26654       1.92400
      -4.26154       1.93000
      -4.25654       1.93700
      -4.25154       1.94400
      -4.24654       1.95100
      -4.24154       1.95800
      -4.23654       1.96500
      -4.23154       1.97200
      -4.22654       1.97900
      -4.22154       1.98700
      -4.21654       1.99300
      -4.21154       2.00000
      -4.20654       2.00600
      -4.20154       2.01300
      -4.19654       2.02000
      -4.19154       2.02800
      -4.18654       2.03700
      -4.18154       2.04400
      -4.17654       2.05200
      -4.17154       2.05900
      -4.16654       2.06700
      -4.16154       2.07400
      -4.15654       2.08100
      -4.15154       2.08800
      -4.14554       2.09400
      -4.14054       2.10000
      -4.13554       2.10600
      -4.13054       2.11200
      -4.12554       2.11900
      -4.12054       2.12700
      -4.11554       2.13400
      -4.11054       2.14300
      -4.10554       2.15100
      -4.10054       2.15800
      -4.09554       2.16600
      -4.09054       2.17500
      -4.08554       2.18400
      -4.08054       2.19500
      -4.07554       2.20800
      -4.07054       2.21700
      -4.06554       2.22700
      -4.06054       2.23600
      -4.05554       2.24400
      -4.05054       2.25100
      -4.04554       2.25900
      -4.04054       2.26800
      -4.03554       2.27800
      -4.03054       2.28700
      -4.02554       2.29300
      -4.02054       2.30000
      -4.01554       2.33700
      -4.01054       2.37300
      -4.00554       2.40000
      -4.00054       2.42600
      -3.99554       2.45000
      -3.99054       2.48000
      -3.98554       2.51600
      -3.98054       2.56600
      -3.97554       2.61500
      -3.97054       2.60200
      -3.96554       2.77000
      -3.96054       2.90100
      -3.95554       2.98100
      -3.95054       3.23800
      -3.94554       3.43900
      -3.94054       3.60200
      -3.93554       3.77600
      -3.93054       4.35800
      -3.92554       4.70300
      -3.92054       5.02200
      -3.91554       5.15000
      -3.91054       4.92700
      -3.90554       5.00300
      -3.90054       5.04400
      -3.89554       5.12300
      -3.89054       5.21100
      -3.88554       5.22500
      -3.88054       5.29400
      -3.87554       5.29900
      -3.87054       5.32700
      -3.86554       5.44100
      -3.86054       5.60400
      -3.85554       5.77900
      -3.85054       5.90700
      -3.84554       6.05200
      -3.84054       6.20000
      -3.83554       6.58700
      -3.83054       6.81600
      -3.82554       6.69800
      -3.82054       6.62600
      -3.81554       6.79200
      -3.81054       6.67900
      -3.80554       6.17000
      -3.80054       5.77100
      -3.79554       5.47600
      -3.79054       5.25300
      -3.78554       5.04600
      -3.78054       4.87600
      -3.77554       4.74200
      -3.77054       4.62800
      -3.76554       4.52400
      -3.76054       4.42600
      -3.75554       4.33500
      -3.75054       4.25100
      -3.74554       4.17500
      -3.74054       4.10300
      -3.73554       4.03600
      -3.73054       3.97200
      -3.72554       3.91100
      -3.72054       3.85200
      -3.71554       3.79200
      -3.71054       3.73700
      -3.70554       3.67900
      -3.70054       3.62500
      -3.69554       3.57600
      -3.69054       3.52900
      -3.68554       3.48500
      -3.68054       3.44400
      -3.67554       3.40500
      -3.67054       3.36900
      -3.66554       3.33300
      -3.66054       3.29800
      -3.65554       3.26500
      -3.65054       3.23200
      -3.64554       3.19900
      -3.64054       3.16600
      -3.63554       3.13300
      -3.63054       3.10200
      -3.62554       3.07200
      -3.62054       3.04100
      -3.61554       3.00700
      -3.61054       2.97700
      -3.60554       2.94900
      -3.60054       2.92200
      -3.59554       2.89600
      -3.59054       2.87000
      -3.58554       2.84500
      -3.58054       2.82100
      -3.57554       2.79800
      -3.57054       2.77500
      -3.56554       2.75300
      -3.56054       2.73000
      -3.55554       2.70800
      -3.55054       2.68600
      -3.54554       2.66400
      -3.54054       2.64300
      -3.53554       2.62300
      -3.53054       2.60300
      -3.52554       2.58300
      -3.52054       2.56200
      -3.51554       2.54000
      -3.51054       2.52000
      -3.50554       2.50000
      -3.50054       2.48100
      -3.49554       2.46300
      -3.49054       2.44500
      -3.48554       2.42700
      -3.48054       2.41000
      -3.47554       2.39300
      -3.47054       2.37700
      -3.46554       2.36100
      -3.46054       2.34500
      -3.45554       2.32900
      -3.45054       2.31300
      -3.44554       2.29800
      -3.44054       2.28300
      -3.43554       2.26800
      -3.43054       2.25300
      -3.42554       2.23900
      -3.42054       2.22400
      -3.41554       2.21000
      -3.41054       2.19400
      -3.40554       2.18000
      -3.40054       2.16600
      -3.39554       2.15200
      -3.39054       2.13800
      -3.38554       2.12400
      -3.38054       2.11100
      -3.37554       2.09700
      -3.37054       2.08400
      -3.36554       2.07100
      -3.36054       2.05800
      -3.35554       2.04600
      -3.35054       2.03300
      -3.34554       2.02000
      -3.34054       2.00800
      -3.33554       1.99500
      -3.33054       1.98300
      -3.32554       1.97100
      -3.32054       1.95800
      -3.31554       1.94600
      -3.31054       1.93500
      -3.30554       1.92300
      -3.30054       1.91200
      -3.29554       1.90100
      -3.29054       1.89000
      -3.28554       1.87900
      -3.28054       1.86800
      -3.27554       1.85800
      -3.27054       1.84700
      -3.26554       1.83700
      -3.26054       1.82800
      -3.25554       1.81800
      -3.25054       1.80900
      -3.24554       1.80000
      -3.24054       1.79100
      -3.23554       1.78200
      -3.23054       1.77300
      -3.22554       1.76300
      -3.22054       1.75400
      -3.21554       1.74400
      -3.21054       1.73400
      -3.20554       1.72500
      -3.20054       1.71600
      -3.19554       1.70900
      -3.19054       1.70300
      -3.18554       1.69500
      -3.18054       1.68600
      -3.17554       1.67800
      -3.17054       1.66900
      -3.16554       1.66100
      -3.16054       1.65200
      -3.15554       1.64200
      -3.15054       1.63300
      -3.14554       1.62300
      -3.14054       1.61400
      -3.13554       1.60400
      -3.13054       1.59500
      -3.12554       1.58400
      -3.12054       1.57400
      -3.11554       1.56500
      -3.11054       1.55700
      -3.10554       1.54900
      -3.10054       1.54300
      -3.09554       1.54000
      -3.09054       1.54200
      -3.08554       1.54600
      -3.08054       1.54600
      -3.07554       1.54400
      -3.07054       1.54100
      -3.06554       1.53600
      -3.06054       1.53000
      -3.05554       1.52200
      -3.05054       1.51400
      -3.04554       1.50600
      -3.04054       1.49400
      -3.03554       1.48500
      -3.03054       1.48000
      -3.02554       1.47800
      -3.02054       1.48100
      -3.01554       1.49400
      -3.01054       1.50700
      -3.00554       1.52500
      -3.00054       1.55600
      -2.99554       1.58600
      -2.99054       1.63600
      -2.98554       1.61800
      -2.98054       1.67800
      -2.97554       1.71400
      -2.97054       1.78000
      -2.96554       1.74000
      -2.96054       1.61400
      -2.95554       1.37900
      -2.95054       1.10700
      -2.94554       0.90150
      -2.94054       0.77680
      -2.93554       0.67960
      -2.93054       0.60340
      -2.92554       0.54180
      -2.92054       0.47830
      -2.91554       0.36350
      -2.91054       0.21190
      -2.90554       0.05751
      -2.90054       0.00250
      -2.89554       0.00478
      -2.89054       0.00723
      -2.88554       0.00974
      -2.88054       0.01232
      -2.87554       0.01495
      -2.87054       0.01766
      -2.86554       0.02042
      -2.86054       0.02326
      -2.85554       0.02615
      -2.85054       0.02911
      -2.84554       0.03213
      -2.84054       0.03522
      -2.83554       0.03837
      -2.83054       0.04158
      -2.82554       0.04486
      -2.82054       0.04820
      -2.81554       0.05161
      -2.81054       0.05508
      -2.80554       0.05861
      -2.80054       0.06221
      -2.79554       0.06570
      -2.79054       0.06894
      -2.78554       0.07218
      -2.78054       0.07536
      -2.77554       0.07848
      -2.77054       0.08179
      -2.76554       0.08509
      -2.76054       0.08837
      -2.75554       0.09164
      -2.75054       0.09490
      -2.74554       0.09843
      -2.74054       0.10200
      -2.73554       0.10560
      -2.73054       0.10910
      -2.72554       0.11260
      -2.72054       0.11610
      -2.71554       0.11970
      -2.71054       0.12350
      -2.70554       0.12750
      -2.70054       0.13170
      -2.69554       0.13590
      -2.69054       0.14000
      -2.68554       0.14400
      -2.68054       0.14810
      -2.67554       0.15230
      -2.67054       0.15670
      -2.66554       0.16120
      -2.66054       0.16580
      -2.65554       0.17050
      -2.65054       0.17550
      -2.64554       0.18090
      -2.64054       0.18660
      -2.63554       0.19240
      -2.63054       0.19810
      -2.62554       0.20380
      -2.62054       0.20940
      -2.61554       0.21500
      -2.61054       0.22060
      -2.60554       0.22620
      -2.60054       0.23190
      -2.59554       0.23770
      -2.59054       0.24350
      -2.58554       0.24940
      -2.58054       0.25540
      -2.57554       0.26140
      -2.57054       0.26750
      -2.56554       0.27370
      -2.56054       0.27990
      -2.55554       0.29090
      -2.55054       0.29900
      -2.54554       0.30640
      -2.54054       0.31380
      -2.53554       0.32140
      -2.53054       0.32900
      -2.52554       0.33670
      -2.52054       0.34450
      -2.51554       0.35270
      -2.51054       0.36140
      -2.50554       0.37050
      -2.50054       0.37990
      -2.49554       0.38960
      -2.49054       0.39950
      -2.48554       0.40970
      -2.48054       0.42020
      -2.47554       0.43070
      -2.47054       0.44120
      -2.46554       0.45200
      -2.46054       0.46370
      -2.45554       0.47640
      -2.45054       0.49020
      -2.44554       0.50440
      -2.44054       0.51870
      -2.43554       0.53320
      -2.43054       0.54800
      -2.42554       0.56310
      -2.42054       0.57820
      -2.41554       0.59340
      -2.41054       0.60870
      -2.40554       0.62440
      -2.40054       0.64150
      -2.39554       0.66030
      -2.39054       0.68020
      -2.38554       0.70110
      -2.38054       0.72290
      -2.37554       0.74540
      -2.37054       0.76800
      -2.36554       0.79140
      -2.36054       0.81870
      -2.35554       0.85010
      -2.35054       0.88200
      -2.34554       0.92440
      -2.34054       0.98610
      -2.33554       1.06000
      -2.33054       1.14600
      -2.32554       1.19800
      -2.32054       1.24200
      -2.31554       1.31300
      -2.31054       1.38000
      -2.30554       1.45100
      -2.30054       1.52400
      -2.29554       1.61200
      -2.29054       1.69700
      -2.28554       1.79500
      -2.28054       1.91200
      -2.27554       2.02800
      -2.27054       2.14600
      -2.26554       2.28300
      -2.26054       2.45500
      -2.25554       2.66800
      -2.25054       2.85700
      -2.24554       3.05500
      -2.24054       3.40800
      -2.23554       3.72400
      -2.23054       4.15200
      -2.22554       4.94500
      -2.22054       7.12100
      -2.21554       7.50800
      -2.21054       8.62400
      -2.20554       9.07400
      -2.20054       9.02500
      -2.19554       9.70100
      -2.19054      10.53000
      -2.18554      11.66000
      -2.18054      13.12000
      -2.17554      15.43000
      -2.17054      19.99000
      -2.16554      15.81000
      -2.16054      14.66000
      -2.15554      14.64000
      -2.15054      14.75000
      -2.14454      14.93000
      -2.13954      15.21000
      -2.13454      15.63000
      -2.12954      19.70000
      -2.12454      18.01000
      -2.11954      16.93000
      -2.11454      16.82000
      -2.10954      17.42000
      -2.10454      15.66000
      -2.09954      12.53000
      -2.09454      11.60000
      -2.08954       9.22700
      -2.08454       8.86200
      -2.07954       8.88700
      -2.07454      10.59000
      -2.06954      11.93000
      -2.06454      12.79000
      -2.05954      19.88000
      -2.05454      14.00000
      -2.04954      13.94000
      -2.04454      13.88000
      -2.03954      14.24000
      -2.03454      14.71000
      -2.02954      15.05000
      -2.02454      15.44000
      -2.01954      16.08000
      -2.01454      17.45000
      -2.00954      19.11000
      -2.00454      20.85000
      -1.99954      16.73000
      -1.99454      16.04000
      -1.98954      15.84000
      -1.98454      17.22000
      -1.97954      17.72000
      -1.97454      16.79000
      -1.96954      15.17000
      -1.96454      13.68000
      -1.95954      11.24000
      -1.95454       9.56200
      -1.94954       8.72000
      -1.94454       7.97400
      -1.93954       7.65300
      -1.93454       7.67600
      -1.92954       8.06600
      -1.92454       8.27600
      -1.91954       9.36700
      -1.91454       9.69800
      -1.90954      10.14000
      -1.90454      10.17000
      -1.89954      10.06000
      -1.89454      10.18000
      -1.88954      10.54000
      -1.88454      10.91000
      -1.87954      11.25000
      -1.87454      11.56000
      -1.86954      11.82000
      -1.86454      12.26000
      -1.85954      12.91000
      -1.85454      16.09000
      -1.84954      14.98000
      -1.84454      15.16000
      -1.83954      15.21000
      -1.83454      14.47000
      -1.82954      11.39000
      -1.82454       9.31800
      -1.81954       8.11300
      -1.81454       7.13900
      -1.80954       6.36500
      -1.80454       6.37500
      -1.79954       6.31300
      -1.79454       6.24500
      -1.78954       6.20400
      -1.78454       6.25700
      -1.77954       6.27600
      -1.77454       6.63300
      -1.76954       7.11000
      -1.76454       7.66400
      -1.75954       9.66800
      -1.75454      10.00000
      -1.74954      10.36000
      -1.74454       9.41100
      -1.73954       8.34000
      -1.73454       7.60000
      -1.72954       7.34100
      -1.72454       7.33500
      -1.71954       5.91800
      -1.71454       4.98800
      -1.70954       4.56600
      -1.70454       4.11300
      -1.69954       3.96400
      -1.69454       3.91200
      -1.68954       3.90400
      -1.68454       3.92400
      -1.67954       3.94200
      -1.67454       3.94400
      -1.66954       3.92500
      -1.66454       3.94400
      -1.65954       3.98000
      -1.65454       4.00100
      -1.64954       4.02600
      -1.64454       4.05200
      -1.63954       4.07900
      -1.63454       4.15100
      -1.62954       4.22700
      -1.62454       4.27100
      -1.61954       4.30900
      -1.61454       4.35700
      -1.60954       4.41700
      -1.60454       4.50600
      -1.59954       4.61100
      -1.59454       4.72000
      -1.58954       4.79900
      -1.58454       4.87100
      -1.57954       4.95800
      -1.57454       5.04700
      -1.56954       5.26000
      -1.56454       5.21400
      -1.55954       5.53700
      -1.55454       5.49200
      -1.54954       5.67000
      -1.54454       6.06200
      -1.53954       6.57700
      -1.53454       6.35500
      -1.52954       6.43400
      -1.52454       6.48200
      -1.51954       6.54400
      -1.51454       6.86500
      -1.50954       6.51700
      -1.50454       6.59100
      -1.49954       6.59100
      -1.49454       6.73200
      -1.48954       6.57000
      -1.48454       6.52300
      -1.47954       6.42600
      -1.47454       6.35700
      -1.46954       6.33600
      -1.46454       6.34500
      -1.45954       6.38200
      -1.45454       6.42200
      -1.44954       6.46200
      -1.44454       6.51400
      -1.43954       6.60800
      -1.43454       6.71000
      -1.42954       6.83600
      -1.42454       7.01400
      -1.41954       7.18800
      -1.41454       7.62700
      -1.40954       7.96600
      -1.40454       7.98400
      -1.39954       7.92700
      -1.39454       8.04400
      -1.38954       8.09100
      -1.38454       8.13300
      -1.37954       8.09300
      -1.37454       8.10100
      -1.36954       8.15500
      -1.36454       8.24300
      -1.35954       8.29700
      -1.35454       8.32800
      -1.34954       8.34000
      -1.34454       8.33700
      -1.33954       8.40100
      -1.33454       8.43300
      -1.32954       8.49400
      -1.32454       8.39900
      -1.31954       7.64900
      -1.31454       7.24300
      -1.30954       6.96100
      -1.30454       6.66000
      -1.29954       6.48300
      -1.29454       6.32200
      -1.28954       6.17900
      -1.28454       5.94600
      -1.27954       5.73300
      -1.27454       5.47800
      -1.26954       5.34000
      -1.26454       5.29300
      -1.25954       5.25700
      -1.25454       5.23700
      -1.24954       5.22100
      -1.24454       5.18200
      -1.23954       5.13500
      -1.23454       5.08400
      -1.22954       5.02300
      -1.22454       4.96400
      -1.21954       4.91200
      -1.21454       4.85800
      -1.20954       4.82000
      -1.20454       4.80400
      -1.19954       5.10500
      -1.19454       5.13800
      -1.18954       4.97100
      -1.18454       4.71600
      -1.17954       4.36800
      -1.17454       4.15800
      -1.16954       3.94800
      -1.16454       3.77800
      -1.15954       3.65800
      -1.15454       3.54100
      -1.14954       3.42100
      -1.14454       3.29900
      -1.13954       3.18300
      -1.13454       3.08000
      -1.12954       2.98700
      -1.12454       2.89300
      -1.11954       2.79300
      -1.11454       2.69600
      -1.10954       2.60400
      -1.10454       2.52000
      -1.09954       2.42700
      -1.09454       2.33900
      -1.08954       2.25700
      -1.08454       2.18100
      -1.07954       2.08400
      -1.07454       1.95600
      -1.06954       1.84400
      -1.06454       1.75100
      -1.05954       1.67500
      -1.05454       1.50800
      -1.04954       1.43500
      -1.04454       1.37500
      -1.03954       1.30800
      -1.03454       1.23200
      -1.02954       1.14500
      -1.02454       1.06000
      -1.01954       0.97100
      -1.01454       0.89950
      -1.00954       0.81070
      -1.00454       0.67260
      -0.99954       0.54550
      -0.99454       0.41490
      -0.98954       0.06612
      -0.98454       0.00000
      -0.97954       0.00000
      -0.97454       0.00000
      -0.96954       0.00000
      -0.96454       0.00000
      -0.95954       0.00000
      -0.95454       0.00000
      -0.94954       0.00000
      -0.94454       0.00000
      -0.93954       0.00000
      -0.93454       0.00000
      -0.92954       0.00000
      -0.92454       0.00000
      -0.91954       0.00000
      -0.91454       0.00000
      -0.90954       0.00000
      -0.90454       0.00000
      -0.89954       0.00000
      -0.89454       0.00000
      -0.88954       0.00000
      -0.88454       0.00000
      -0.87954       0.00000
      -0.87454       0.00000
      -0.86954       0.00000
      -0.86454       0.00000
      -0.85954       0.00000
      -0.85454       0.00000
      -0.84954       0.00000
      -0.84454       0.00000
      -0.83954       0.00000
      -0.83454       0.00000
      -0.82954       0.00000
      -0.82454       0.00000
      -0.81954       0.00000
      -0.81454       0.00000
      -0.80954       0.00000
      -0.80454       0.00000
      -0.79954       0.00000
      -0.79454       0.00000
      -0.78954       0.00000
      -0.78454       0.00000
      -0.77954       0.00000
      -0.77454       0.00000
      -0.76954       0.00000
      -0.76454       0.00000
      -0.75954       0.00000
      -0.75454       0.00000
      -0.74954       0.00000
      -0.74454       0.00000
      -0.73954       0.00000
      -0.73454       0.00000
      -0.72954       0.00000
      -0.72454       0.00000
      -0.71954       0.00000
      -0.71454       0.00000
      -0.70954       0.00000
      -0.70454       0.00000
      -0.69954       0.00000
      -0.69454       0.00000
      -0.68954       0.00000
      -0.68454       0.00000
      -0.67954       0.00000
      -0.67454       0.00000
      -0.66954       0.00000
      -0.66454       0.00000
      -0.65954       0.00000
      -0.65454       0.00000
      -0.64954       0.00000
      -0.64454       0.00000
      -0.63954       0.00000
      -0.63454       0.00000
      -0.62954       0.00000
      -0.62454       0.00000
      -0.61954       0.00000
      -0.61454       0.00000
      -0.60954       0.00000
      -0.60454       0.00000
      -0.59954       0.00000
      -0.59454       0.00000
      -0.58954       0.00000
      -0.58454       0.00000
      -0.57954       0.00000
      -0.57454       0.00000
      -0.56954       0.00000
      -0.56454       0.00000
      -0.55954       0.00000
      -0.55454       0.00000
      -0.54954       0.00000
      -0.54454       0.00000
      -0.53954       0.00000
      -0.53454       0.00000
      -0.52954       0.00000
      -0.52454       0.00000
      -0.51954       0.00000
      -0.51454       0.00000
      -0.50954       0.00000
      -0.50454       0.00000
      -0.49954       0.00000
      -0.49454       0.00000
      -0.48954       0.00000
      -0.48454       0.00000
      -0.47954       0.00000
      -0.47454       0.00000
      -0.46954       0.00000
      -0.46454       0.00000
      -0.45954       0.00000
      -0.45454       0.00000
      -0.44954       0.00000
      -0.44454       0.00000
      -0.43954       0.00000
      -0.43454       0.00000
      -0.42954       0.00000
      -0.42454       0.00000
      -0.41954       0.00000
      -0.41454       0.00000
      -0.40954       0.00000
      -0.40454       0.00000
      -0.39954       0.00000
      -0.39454       0.00000
      -0.38954       0.00000
      -0.38454       0.00000
      -0.37954       0.00000
      -0.37454       0.00000
      -0.36954       0.00000
      -0.36454       0.00000
      -0.35954       0.00000
      -0.35454       0.00000
      -0.34954       0.00000
      -0.34454       0.00000
      -0.33954       0.00000
      -0.33454       0.00000
      -0.32954       0.00000
      -0.32454       0.00000
      -0.31954       0.00000
      -0.31454       0.00000
      -0.30954       0.00000
      -0.30454       0.00000
      -0.29954       0.00000
      -0.29454       0.00000
      -0.28954       0.00000
      -0.28454       0.00000
      -0.27954       0.00000
      -0.27454       0.00000
      -0.26954       0.00000
      -0.26454       0.00000
      -0.25954       0.00000
      -0.25454       0.00000
      -0.24954       0.00000
      -0.24454       0.00000
      -0.23954       0.00000
      -0.23454       0.00000
      -0.22954       0.00000
      -0.22454       0.00000
      -0.21954       0.00000
      -0.21454       0.00000
      -0.20954       0.00000
      -0.20454       0.00000
      -0.19954       0.00000
      -0.19454       0.00000
      -0.18954       0.00000
      -0.18454       0.00000
      -0.17954       0.00000
      -0.17454       0.00000
      -0.16954       0.00000
      -0.16454       0.00000
      -0.15954       0.00000
      -0.15454       0.00000
      -0.14954       0.00000
      -0.14354       0.00000
      -0.13854       0.00000
      -0.13354       0.00000
      -0.12854       0.00000
      -0.12354       0.00000
      -0.11854       0.00000
      -0.11354       0.00000
      -0.10854       0.00000
      -0.10354       0.00000
      -0.09854       0.00000
      -0.09354       0.00000
      -0.08854       0.00000
      -0.08354       0.00000
      -0.07854       0.00000
      -0.07354       0.00000
      -0.06854       0.00000
      -0.06354       0.00000
      -0.05854       0.00000
      -0.05354       0.00000
      -0.04854       0.00000
      -0.04354       0.00000
      -0.03854       0.00000
      -0.03354       0.00000
      -0.02854       0.00000
      -0.02354       0.00000
      -0.01854       0.00000
      -0.01354       0.00000
      -0.00854       0.00000
      -0.00354       0.00000
       0.00146       0.00584
       0.00646       0.19480
       0.01146       0.36930
       0.01646       0.40680
       0.02146       0.48250
       0.02646       0.53070
       0.03146       0.58990
       0.03646       0.62600
       0.04146       0.64360
       0.04646       0.67560
       0.05146       0.71180
       0.05646       0.74550
       0.06146       0.76460
       0.06646       0.78770
       0.07146       0.80840
       0.07646       0.83080
       0.08146       0.85240
       0.08646       0.86600
       0.09146       0.88560
       0.09646       0.90600
       0.10146       0.92630
       0.10646       0.94490
       0.11146       0.95900
       0.11646       0.96910
       0.12146       0.98400
       0.12646       0.99890
       0.13146       1.01400
       0.13646       1.03000
       0.14146       1.04500
       0.14646       1.06000
       0.15146       1.07100
       0.15646       1.08400
       0.16146       1.09700
       0.16646       1.10800
       0.17146       1.12000
       0.17646       1.13200
       0.18146       1.14500
       0.18646       1.15700
       0.19146       1.17000
       0.19646       1.17800
       0.20146       1.19000
       0.20646       1.20300
       0.21146       1.21500
       0.21646       1.22800
       0.22146       1.23900
       0.22646       1.24900
       0.23146       1.25900
       0.23646       1.26900
       0.24146       1.28000
       0.24646       1.28900
       0.25146       1.30000
       0.25646       1.31000
       0.26146       1.32100
       0.26646       1.33200
       0.27146       1.34300
       0.27646       1.35400
       0.28146       1.36500
       0.28646       1.37700
       0.29146       1.38900
       0.29646       1.40000
       0.30146       1.41000
       0.30646       1.42000
       0.31146       1.42900
       0.31646       1.44000
       0.32146       1.45000
       0.32646       1.46000
       0.33146       1.47000
       0.33646       1.48100
       0.34146       1.49100
       0.34646       1.50200
       0.35146       1.51400
       0.35646       1.52500
       0.36146       1.53700
       0.36646       1.54900
       0.37146       1.56100
       0.37646       1.57300
       0.38146       1.58500
       0.38646       1.59700
       0.39146       1.60900
       0.39646       1.61900
       0.40146       1.63000
       0.40646       1.64200
       0.41146       1.65300
       0.41646       1.66500
       0.42146       1.67700
       0.42646       1.68900
       0.43146       1.70200
       0.43646       1.71400
       0.44146       1.72700
       0.44646       1.74000
       0.45146       1.75300
       0.45646       1.76700
       0.46146       1.78100
       0.46646       1.79500
       0.47146       1.80900
       0.47646       1.82400
       0.48146       1.83900
       0.48646       1.85500
       0.49146       1.87100
       0.49646       1.88700
       0.50146       1.90200
       0.50646       1.91800
       0.51146       1.93300
       0.51646       1.95000
       0.52146       1.96600
       0.52646       1.98300
       0.53146       2.00100
       0.53646       2.01800
       0.54146       2.03600
       0.54646       2.05500
       0.55146       2.07400
       0.55646       2.09400
       0.56146       2.11400
       0.56646       2.13400
       0.57146       2.16500
       0.57646       2.20300
       0.58146       2.24500
       0.58646       2.29000
       0.59146       2.34100
       0.59646       2.40100
       0.60146       2.46800
       0.60646       2.54200
       0.61146       2.63300
       0.61646       2.68400
       0.62146       2.60200
       0.62646       2.54900
       0.63146       2.51800
       0.63646       2.49800
       0.64146       2.48900
       0.64646       2.48700
       0.65146       2.48500
       0.65646       2.49500
       0.66146       2.50300
       0.66646       2.51100
       0.67146       2.51800
       0.67646       2.52500
       0.68146       2.53000
       0.68646       2.53500
       0.69146       2.54600
       0.69646       2.55800
       0.70146       2.57000
       0.70646       2.58300
       0.71146       2.59700
       0.71646       2.61100
       0.72146       2.62500
       0.72646       2.64400
       0.73146       2.65900
       0.73646       2.67300
       0.74146       2.68900
       0.74646       2.70600
       0.75146       2.72400
       0.75646       2.74100
       0.76146       2.75900
       0.76646       2.78000
       0.77146       2.77100
       0.77646       2.77200
       0.78146       2.78800
       0.78646       2.83900
       0.79146       2.92100
       0.79646       3.00200
       0.80146       3.07400
       0.80646       3.12000
       0.81146       3.14300
       0.81646       3.15900
       0.82146       3.16700
       0.82646       3.16200
       0.83146       3.12300
       0.83646       3.12100
       0.84146       3.13400
       0.84646       3.16300
       0.85146       3.22800
       0.85646       3.32800
       0.86146       3.44100
       0.86646       3.55500
       0.87146       3.54200
       0.87646       3.55100
       0.88146       3.54200
       0.88646       3.52000
       0.89146       3.51600
       0.89646       3.52900
       0.90146       3.55300
       0.90646       3.60000
       0.91146       3.64300
       0.91646       3.67300
       0.92146       3.67200
       0.92646       3.67200
       0.93146       3.68900
       0.93646       3.72800
       0.94146       3.80400
       0.94646       3.87500
       0.95146       3.83200
       0.95646       3.78500
       0.96146       3.73000
       0.96646       3.74800
       0.97146       3.75300
       0.97646       3.78900
       0.98146       3.79800
       0.98646       3.80500
       0.99146       4.03600
       0.99646       4.08400
       1.00146       4.06200
       1.00646       4.03900
       1.01146       4.00400
       1.01646       4.00400
       1.02146       4.05400
       1.02646       4.10500
       1.03146       4.19300
       1.03646       4.25100
       1.04146       4.31300
       1.04646       4.41200
       1.05146       4.54900
       1.05646       4.75100
       1.06146       5.08700
       1.06646       5.35800
       1.07146       5.45600
       1.07646       5.59400
       1.08146       5.80700
       1.08646       6.11500
       1.09146       6.46100
       1.09646       6.87800
       1.10146       7.28300
       1.10646       7.89700
       1.11146       9.52200
       1.11646       9.53300
       1.12146       9.39800
       1.12646       8.97700
       1.13146       9.91600
       1.13646      10.17000
       1.14146       9.56000
       1.14646       9.20300
       1.15146       8.33100
       1.15646       7.91500
       1.16146       7.52400
       1.16646       7.11900
       1.17146       7.05900
       1.17646       6.87900
       1.18146       6.70900
       1.18646       6.62100
       1.19146       6.55100
       1.19646       6.50600
       1.20146       6.47600
       1.20646       6.47600
       1.21146       6.60800
       1.21646       6.70300
       1.22146       6.65600
       1.22646       6.45400
       1.23146       6.26600
       1.23646       6.29400
       1.24146       5.82900
       1.24646       5.72100
       1.25146       5.65800
       1.25646       5.43900
       1.26146       5.32300
       1.26646       5.25800
       1.27146       5.19400
       1.27646       5.08800
       1.28146       4.94400
       1.28646       4.95000
       1.29146       4.83900
       1.29646       4.73700
       1.30146       4.68900
       1.30646       4.61000
       1.31146       4.50900
       1.31646       4.39900
       1.32146       4.32600
       1.32646       4.58100
       1.33146       4.75600
       1.33646       4.61300
       1.34146       3.88400
       1.34646       3.56700
       1.35146       3.36600
       1.35646       3.23100
       1.36146       3.15400
       1.36646       3.09000
       1.37146       3.05300
       1.37646       3.01700
       1.38146       2.97000
       1.38646       2.95200
       1.39146       2.96200
       1.39646       2.98000
       1.40146       2.99700
       1.40646       3.02700
       1.41146       3.07000
       1.41646       3.12400
       1.42146       3.19400
       1.42646       3.30700
       1.43146       3.45000
       1.43646       3.61700
       1.44146       3.89800
       1.44646       4.10000
       1.45146       4.27500
       1.45646       4.45800
       1.46146       4.65500
       1.46646       4.42900
       1.47146       4.33700
       1.47646       4.36400
       1.48146       4.43800
       1.48646       4.47200
       1.49146       4.54700
       1.49646       4.65500
       1.50146       4.82100
       1.50646       4.97800
       1.51146       5.09600
       1.51646       5.30000
       1.52146       5.54600
       1.52646       5.80100
       1.53146       5.99200
       1.53646       5.97200
       1.54146       5.94800
       1.54646       5.98300
       1.55146       6.08200
       1.55646       6.13300
       1.56146       6.07700
       1.56646       6.12400
       1.57146       6.21300
       1.57646       6.33600
       1.58146       6.50200
       1.58646       6.80500
       1.59146       7.13500
       1.59646       7.65800
       1.60146       7.11100
       1.60646       5.97500
       1.61146       4.52500
       1.61646       4.26200
       1.62146       4.01500
       1.62646       3.79500
       1.63146       3.65200
       1.63646       3.54000
       1.64146       3.45500
       1.64646       3.38500
       1.65146       3.33400
       1.65646       3.29500
       1.66146       3.26000
       1.66646       3.22500
       1.67146       3.22100
       1.67646       3.24800
       1.68146       3.26500
       1.68646       3.28700
       1.69146       3.31300
       1.69646       3.33800
       1.70146       3.41400
       1.70646       3.40300
       1.71146       3.39100
       1.71646       3.38500
       1.72146       3.42300
       1.72646       3.46400
       1.73146       3.50900
       1.73646       3.56800
       1.74146       3.50100
       1.74646       3.49300
       1.75146       3.51000
       1.75646       3.49700
       1.76146       3.42600
       1.76646       3.57100
       1.77146       3.42200
       1.77646       3.49900
       1.78146       3.54900
       1.78646       3.55500
       1.79146       3.68100
       1.79646       3.70300
       1.80146       3.61300
       1.80646       3.47200
       1.81146       3.46900
       1.81646       3.16400
       1.82146       2.83000
       1.82646       2.61600
       1.83146       2.42900
       1.83646       2.25900
       1.84146       2.08800
       1.84646       1.97400
       1.85146       1.86400
       1.85746       1.79000
       1.86246       1.72000
       1.86746       1.66300
       1.87246       1.62000
       1.87746       1.59400
       1.88246       1.58400
       1.88746       1.55200
       1.89246       1.52100
       1.89746       1.50100
       1.90246       1.49000
       1.90746       1.48500
       1.91246       1.48600
       1.91746       1.49200
       1.92246       1.50100
       1.92746       1.50900
       1.93246       1.50500
       1.93746       1.50400
       1.94246       1.50700
       1.94746       1.51700
       1.95246       1.53000
       1.95746       1.54300
       1.96246       1.55600
       1.96746       1.57300
       1.97246       1.59300
       1.97746       1.61800
       1.98246       1.64600
       1.98746       1.67900
       1.99246       1.71600
       1.99746       1.75400
       2.00246       1.79400
       2.00746       1.89100
       2.01246       1.92200
       2.01746       2.50400
       2.02246       2.70900
       2.02746       2.98400
       2.03246       3.02600
       2.03746       3.25700
       2.04246       3.15000
       2.04746       3.12200
       2.05246       3.22600
       2.05746       3.30800
       2.06246       3.30900
       2.06746       3.37900
       2.07246       3.38200
       2.07746       3.50800
       2.08246       3.44200
       2.08746       3.45400
       2.09246       3.48900
       2.09746       3.53400
       2.10246       3.53600
       2.10746       3.54800
       2.11246       3.58500
       2.11746       3.62400
       2.12246       3.65300
       2.12746       3.67900
       2.13246       3.71200
       2.13746       3.75600
       2.14246       3.82300
       2.14746       3.84900
       2.15246       3.86400
       2.15746       3.88000
       2.16246       3.91100
       2.16746       3.94700
       2.17246       3.99100
       2.17746       4.05000
       2.18246       4.12100
       2.18746       4.22900
       2.19246       4.31700
       2.19746       4.41000
       2.20246       4.50200
       2.20746       4.54900
       2.21246       4.59700
       2.21746       4.74900
       2.22246       4.87000
       2.22746       4.98100
       2.23246       5.11300
       2.23746       5.22200
       2.24246       5.46400
       2.24746       5.80300
       2.25246       6.17200
       2.25746       6.05000
       2.26246       6.03000
       2.26746       6.12300
       2.27246       6.28700
       2.27746       6.15200
       2.28246       5.86100
       2.28746       5.61800
       2.29246       5.54300
       2.29746       5.50700
       2.30246       5.46200
       2.30746       5.39700
       2.31246       5.31700
       2.31746       5.22100
       2.32246       5.14500
       2.32746       5.11400
       2.33246       5.20900
       2.33746       5.06200
       2.34246       5.04900
       2.34746       4.99100
       2.35246       4.93400
       2.35746       4.86700
       2.36246       4.79900
       2.36746       4.73700
       2.37246       4.71200
       2.37746       4.68400
       2.38246       4.66400
       2.38746       4.65800
       2.39246       4.58700
       2.39746       4.47600
       2.40246       4.34500
       2.40746       4.21800
       2.41246       4.12100
       2.41746       4.04700
       2.42246       3.98500
       2.42746       3.94600
       2.43246       3.90900
       2.43746       3.87400
       2.44246       3.75000
       2.44746       3.68000
       2.45246       3.58700
       2.45746       3.50800
       2.46246       3.47300
       2.46746       3.54900
       2.47246       3.49000
       2.47746       3.41500
       2.48246       3.33000
       2.48746       3.36200
       2.49246       3.22100
       2.49746       3.07300
       2.50246       2.93600
       2.50746       2.82300
       2.51246       2.73400
       2.51746       2.66400
       2.52246       2.60300
       2.52746       2.54700
       2.53246       2.50400
       2.53746       2.50600
       2.54246       2.41400
       2.54746       2.34700
       2.55246       2.30600
       2.55746       2.27400
       2.56246       2.24900
       2.56746       2.22600
       2.57246       2.20400
       2.57746       2.18400
       2.58246       2.16300
       2.58746       2.14200
       2.59246       2.11800
       2.59746       2.09500
       2.60246       2.07600
       2.60746       2.05900
       2.61246       2.04200
       2.61746       2.02500
       2.62246       2.01000
       2.62746       1.99500
       2.63246       1.98100
       2.63746       1.96800
       2.64246       1.95400
       2.64746       1.94200
       2.65246       1.93000
       2.65746       1.91800
       2.66246       1.90500
       2.66746       1.89300
       2.67246       1.88100
       2.67746       1.87000
       2.68246       1.86100
       2.68746       1.85000
       2.69246       1.83900
       2.69746       1.82600
       2.70246       1.81600
       2.70746       1.80700
       2.71246       1.79600
       2.71746       1.78500
       2.72246       1.77600
       2.72746       1.76800
       2.73246       1.76000
       2.73746       1.75200
       2.74246       1.74300
       2.74746       1.73400
       2.75246       1.72700
       2.75746       1.72000
       2.76246       1.71300
       2.76746       1.70600
       2.77246       1.70000
       2.77746       1.69300
       2.78246       1.68700
       2.78746       1.68100
       2.79246       1.67500
       2.79746       1.66900
       2.80246       1.66400
       2.80746       1.65800
       2.81246       1.65200
       2.81746       1.64600
       2.82246       1.64100
       2.82746       1.63700
       2.83246       1.63500
       2.83746       1.63500
       2.84246       1.63400
       2.84746       1.63400
       2.85246       1.63400
       2.85746       1.63300
       2.86246       1.63300
       2.86746       1.63300
       2.87246       1.63300
       2.87746       1.63300
       2.88246       1.63300
       2.88746       1.63300
       2.89246       1.63300
       2.89746       1.63300
       2.90246       1.63300
       2.90746       1.63100
       2.91246       1.62400
       2.91746       1.61900
       2.92246       1.61800
       2.92746       1.62100
       2.93246       1.62800
       2.93746       1.64100
       2.94246       1.65700
       2.94746       1.67100
       2.95246       1.68400
       2.95746       1.69700
       2.96246       1.70800
       2.96746       1.71900
       2.97246       1.72600
       2.97746       1.72900
       2.98246       1.72800
       2.98746       1.72200
       2.99246       1.71200
       2.99746       1.69600
       3.00246       1.68200
       3.00746       1.66800
       3.01246       1.64800
       3.01746       1.62500
       3.02246       1.60300
       3.02746       1.58200
       3.03246       1.56500
       3.03746       1.55000
       3.04246       1.53800
       3.04746       1.52800
       3.05246       1.52000
       3.05746       1.51100
       3.06246       1.50400
       3.06746       1.49600
       3.07246       1.49000
       3.07746       1.48400
       3.08246       1.47800
       3.08746       1.47200
       3.09246       1.45600
       3.09746       1.43700
       3.10246       1.42700
       3.10746       1.41800
       3.11246       1.40800
       3.11746       1.39900
       3.12246       1.38900
       3.12746       1.38000
       3.13246       1.37000
       3.13746       1.35900
       3.14246       1.34900
       3.14746       1.33800
       3.15246       1.32700
       3.15746       1.31700
       3.16246       1.30700
       3.16746       1.29600
       3.17246       1.28700
       3.17746       1.27700
       3.18246       1.26800
       3.18746       1.25900
       3.19246       1.25000
       3.19746       1.24100
       3.20246       1.23300
       3.20746       1.22400
       3.21246       1.21600
       3.21746       1.20800
       3.22246       1.19900
       3.22746       1.19100
       3.23246       1.18200
       3.23746       1.17300
       3.24246       1.16400
       3.24746       1.15600
       3.25246       1.14800
       3.25746       1.14100
       3.26246       1.13600
       3.26746       1.13100
       3.27246       1.12600
       3.27746       1.12100
       3.28246       1.11600
       3.28746       1.11200
       3.29246       1.10700
       3.29746       1.10300
       3.30246       1.10000
       3.30746       1.09600
       3.31246       1.09200
       3.31746       1.08900
       3.32246       1.08500
       3.32746       1.08200
       3.33246       1.07900
       3.33746       1.07500
       3.34246       1.07300
       3.34746       1.07000
       3.35246       1.06700
       3.35746       1.06400
       3.36246       1.06100
       3.36746       1.05800
       3.37246       1.05500
       3.37746       1.05400
       3.38246       1.05500
       3.38746       1.05700
       3.39246       1.06000
       3.39746       1.06500
       3.40246       1.07000
       3.40746       1.07700
       3.41246       1.08300
       3.41746       1.08900
       3.42246       1.09400
       3.42746       1.09900
       3.43246       1.10500
       3.43746       1.11000
       3.44246       1.11600
       3.44746       1.12200
       3.45246       1.13000
       3.45746       1.13900
       3.46246       1.14800
       3.46746       1.15800
       3.47246       1.16800
       3.47746       1.17900
       3.48246       1.19100
       3.48746       1.20300
       3.49246       1.22100
       3.49746       1.24000
       3.50246       1.26000
       3.50746       1.28200
       3.51246       1.30400
       3.51746       1.32600
       3.52246       1.34100
       3.52746       1.35800
       3.53246       1.37200
       3.53746       1.38500
       3.54246       1.39500
       3.54746       1.39600
       3.55246       1.39500
       3.55746       1.39400
       3.56246       1.39200
       3.56746       1.39000
       3.57246       1.38600
       3.57746       1.38200
       3.58246       1.37700
       3.58746       1.37100
       3.59246       1.36300
       3.59746       1.35500
       3.60246       1.34600
       3.60746       1.33700
       3.61246       1.32800
       3.61746       1.31700
       3.62246       1.31100
       3.62746       1.30500
       3.63246       1.29900
       3.63746       1.29300
       3.64246       1.28800
       3.64746       1.28600
       3.65246       1.28600
       3.65746       1.29000
       3.66246       1.29300
       3.66746       1.29600
       3.67246       1.29900
       3.67746       1.30100
       3.68246       1.30300
       3.68746       1.30300
       3.69246       1.30400
       3.69746       1.30300
       3.70246       1.30300
       3.70746       1.30200
       3.71246       1.30100
       3.71746       1.29900
       3.72246       1.29700
       3.72746       1.29500
       3.73246       1.29400
       3.73746       1.29300
       3.74246       1.29300
       3.74746       1.29300
       3.75246       1.29500
       3.75746       1.29700
       3.76246       1.30000
       3.76746       1.30300
       3.77246       1.30700
       3.77746       1.31100
       3.78246       1.31600
       3.78746       1.32100
       3.79246       1.32800
       3.79746       1.33500
       3.80246       1.34300
       3.80746       1.35200
       3.81246       1.36100
       3.81746       1.36800
       3.82246       1.37300
       3.82746       1.37800
       3.83246       1.38500
       3.83746       1.39200
       3.84246       1.40000
       3.84746       1.40800
       3.85246       1.41800
       3.85846       1.42900
       3.86346       1.43300
       3.86846       1.42400
       3.87346       1.41800
       3.87846       1.41400
       3.88346       1.41000
       3.88846       1.40500
       3.89346       1.40100
       3.89846       1.39600
       3.90346       1.39000
       3.90846       1.38300
       3.91346       1.38100
       3.91846       1.37900
       3.92346       1.37600
       3.92846       1.37400
       3.93346       1.37300
       3.93846       1.37200
       3.94346       1.37100
       3.94846       1.37100
       3.95346       1.37000
       3.95846       1.37000
       3.96346       1.37000
       3.96846       1.37000
       3.97346       1.36900
       3.97846       1.36800
       3.98346       1.36700
       3.98846       1.36700
       3.99346       1.36700
       3.99846       1.36700
       4.00346       1.36800
       4.00846       1.36900
       4.01346       1.37000
       4.01846       1.37100
       4.02346       1.37200
       4.02846       1.37500
       4.03346       1.37600
       4.03846       1.37800
       4.04346       1.37900
       4.04846       1.38100
       4.05346       1.38200
       4.05846       1.38300
       4.06346       1.38400
       4.06846       1.38500
       4.07346       1.38500
       4.07846       1.38600
       4.08346       1.38600
       4.08846       1.38700
       4.09346       1.38700
       4.09846       1.38700
       4.10346       1.38700
       4.10846       1.38700
       4.11346       1.38800
       4.11846       1.38800
       4.12346       1.38800
       4.12846       1.38900
       4.13346       1.39000
       4.13846       1.39000
       4.14346       1.38600
       4.14846       1.38700
       4.15346       1.38900
       4.15846       1.39000
       4.16346       1.39100
       4.16846       1.39200
       4.17346       1.39100
       4.17846       1.39000
       4.18346       1.39000
       4.18846       1.39100
       4.19346       1.39200
       4.19846       1.39900
       4.20346       1.40500
       4.20846       1.40800
       4.21346       1.41000
       4.21846       1.41100
       4.22346       1.41200
       4.22846       1.41400
       4.23346       1.41500
       4.23846       1.41600
       4.24346       1.41600
       4.24846       1.41600
       4.25346       1.41600
       4.25846       1.41700
       4.26346       1.41700
       4.26846       1.41800
       4.27346       1.41800
       4.27846       1.41800
       4.28346       1.41900
       4.28846       1.41700
       4.29346       1.41400
       4.29846       1.40900
       4.30346       1.41000
       4.30846       1.41100
       4.31346       1.41000
       4.31846       1.40900
       4.32346       1.40800
       4.32846       1.40800
       4.33346       1.40800
       4.33846       1.40900
       4.34346       1.40900
       4.34846       1.40900
       4.35346       1.40900
       4.35846       1.40900
       4.36346       1.40900
       4.36846       1.41100
       4.37346       1.41400
       4.37846       1.41600
       4.38346       1.41700
       4.38846       1.41400
       4.39346       1.40800
       4.39846       1.40000
       4.40346       1.39900
       4.40846       1.40000
       4.41346       1.39100
       4.41846       1.37000
       4.42346       1.34400
       4.42846       1.32500
       4.43346       1.30800
       4.43846       1.29100
       4.44346       1.27600
       4.44846       1.26400
       4.45346       1.25300
       4.45846       1.24400
       4.46346       1.23600
       4.46846       1.23000
       4.47346       1.22400
       4.47846       1.21800
       4.48346       1.21300
       4.48846       1.20800
       4.49346       1.20300
       4.49846       1.19900
       4.50346       1.19600
       4.50846       1.19200
       4.51346       1.18900
       4.51846       1.18500
       4.52346       1.18100
       4.52846       1.17800
       4.53346       1.17400
       4.53846       1.17200
       4.54346       1.17000
       4.54846       1.16900
       4.55346       1.16700
       4.55846       1.16300
       4.56346       1.16300
       4.56846       1.16200
       4.57346       1.16200
       4.57846       1.16000
       4.58346       1.15800
       4.58846       1.15600
       4.59346       1.17700
       4.59846       1.18600
       4.60346       1.19300
       4.60846       1.19800
       4.61346       1.19900
       4.61846       1.19800
       4.62346       1.19500
       4.62846       1.19100
       4.63346       1.18800
       4.63846       1.18400
       4.64346       1.18100
       4.64846       1.17800
       4.65346       1.17600
       4.65846       1.17800
       4.66346       1.17600
       4.66846       1.16900
       4.67346       1.15900
       4.67846       1.14700
       4.68346       1.13500
       4.68846       1.12400
       4.69346       1.11600
       4.69846       1.10900
       4.70346       1.10400
       4.70846       1.09900
       4.71346       1.09500
       4.71846       1.09100
       4.72346       1.08800
       4.72846       1.08400
       4.73346       1.07400
       4.73846       1.06900
       4.74346       1.06600
       4.74846       1.06400
       4.75346       1.06400
       4.75846       1.06600
       4.76346       1.07100
       4.76846       1.07500
       4.77346       1.07500
       4.77846       1.07200
       4.78346       1.06700
       4.78846       1.06000
       4.79346       1.05400
       4.79846       1.04900
       4.80346       1.04500
       4.80846       1.04000
       4.81346       1.03700
       4.81846       1.03200
       4.82346       1.02600
       4.82846       1.02000
       4.83346       1.01300
       4.83846       1.01200
       4.84346       1.07100
       4.84846       1.09400
       4.85346       1.02200
